-0,016480 -0,415738 -0,362860 0,813288 -0,807735 0,559118 0,008869 -0,125672 -0,039812 
-0,004733 -0,507082 -0,208519 0,743233 -0,796184 0,536802 0,067696 -0,240221 0,040843 
0,143223 -0,475710 -0,335791 0,672078 -0,571341 0,387891 -0,033516 -0,102248 0,004133 
-2,537895 2,235705 -1,709954 1,169804 -0,884470 0,919748 -0,919428 0,727203 -0,313483 
-2,531365 2,159139 -1,637558 1,226410 -1,092882 1,007450 -0,740580 0,456357 -0,164284 
-2,768690 2,370237 -1,819380 1,492399 -1,447892 1,448879 -1,147336 0,671397 -0,216325 
-2,626821 2,169333 -1,534456 1,152568 -1,082806 1,175493 -0,998886 0,633314 -0,250661 
-2,489384 2,177654 -1,724854 1,486171 -1,506944 1,507522 -1,237541 0,832603 -0,341959 
-2,762827 2,504835 -2,107002 1,806279 -1,540618 1,338580 -1,073788 0,722575 -0,285906 
-2,526584 2,212135 -1,643317 1,186765 -0,981575 1,008779 -0,977613 0,772292 -0,342390 
-2,707669 2,467003 -1,879587 1,318533 -1,116152 1,134707 -0,984844 0,696896 -0,274776 
-2,628430 2,290213 -1,868584 1,562657 -1,387452 1,454505 -1,310318 0,882672 -0,326359 
-2,477005 2,161618 -1,687281 1,423232 -1,441643 1,602705 -1,398822 0,896701 -0,345562 
-2,646568 2,348940 -1,863292 1,470871 -1,183156 1,095911 -0,962152 0,687583 -0,280016 
-2,719932 2,426950 -1,785908 1,193695 -0,908348 0,913376 -0,870445 0,624917 -0,237052 
-2,553915 2,166891 -1,624552 1,232409 -1,082201 1,085500 -0,974250 0,634500 -0,193172 
-2,701278 2,372865 -1,804802 1,405895 -1,303921 1,357982 -1,186365 0,779071 -0,260292 
-2,668275 2,445978 -1,876893 1,316998 -1,059402 1,010850 -0,895269 0,686874 -0,290197 
-2,562201 2,226926 -1,708673 1,267989 -1,013508 0,975667 -0,891604 0,660275 -0,265360 
-2,538259 2,255071 -1,710159 1,348678 -1,321602 1,411947 -1,276132 0,937361 -0,359442 
-2,719919 2,469189 -2,001170 1,657273 -1,518457 1,535262 -1,323051 0,846913 -0,285276 
-2,669295 2,529991 -2,103711 1,719567 -1,452979 1,303979 -1,086771 0,708984 -0,248002 
-2,932139 2,822388 -2,396009 1,912295 -1,583121 1,519729 -1,337628 0,886611 -0,303394 
-2,724604 2,489809 -2,095320 1,787704 -1,658762 1,615994 -1,407440 0,906704 -0,279840 
-2,609075 2,423076 -2,067550 1,756913 -1,631787 1,704656 -1,506234 0,981123 -0,331113 
-2,667778 2,405108 -1,930840 1,550391 -1,456556 1,448431 -1,210866 0,855614 -0,344881 
-2,736212 2,450800 -1,863145 1,421607 -1,238107 1,211607 -1,100937 0,815939 -0,338143 
-2,971476 2,852221 -2,390059 1,843677 -1,440917 1,195496 -0,890792 0,549492 -0,187043 
-2,690305 2,571463 -2,070068 1,536528 -1,257008 1,221577 -1,114377 0,830948 -0,321873 
-2,679379 2,354173 -1,874205 1,662588 -1,723580 1,774259 -1,479471 0,896360 -0,279702 
-2,807036 2,622981 -2,173404 1,885741 -1,748244 1,743975 -1,539589 1,066530 -0,403324 
-2,872144 2,923133 -2,587050 2,061063 -1,673001 1,481690 -1,130659 0,684070 -0,221322 
-2,546316 2,419887 -2,040768 1,691131 -1,434754 1,294716 -1,014514 0,624988 -0,215981 
-2,711947 2,572486 -2,089318 1,664769 -1,443896 1,354820 -1,060593 0,661382 -0,232123 
-2,723723 2,592716 -2,177917 1,764615 -1,530828 1,438694 -1,153746 0,727383 -0,263688 
-2,464996 2,181569 -1,752866 1,452647 -1,318141 1,224299 -1,001845 0,716412 -0,298269 
-2,376091 2,067382 -1,641313 1,399475 -1,414748 1,521524 -1,261974 0,799389 -0,305558 
-2,334889 2,138040 -1,746697 1,418737 -1,370400 1,418065 -1,194638 0,766870 -0,277293 
-2,398858 1,990288 -1,515850 1,316705 -1,398967 1,448614 -1,235982 0,886446 -0,368056 
-2,428604 2,088653 -1,680168 1,493913 -1,554545 1,608324 -1,333270 0,841800 -0,292968 
-2,402916 2,002635 -1,519793 1,266766 -1,238106 1,357306 -1,194900 0,773926 -0,283271 
-2,796117 2,550351 -2,023554 1,547624 -1,281070 1,262957 -1,051226 0,619941 -0,207403 
-2,394616 2,008655 -1,480810 1,100953 -1,072307 1,126114 -0,936208 0,617778 -0,225857 
-2,581632 2,295454 -1,833875 1,518249 -1,439400 1,555472 -1,394465 0,932137 -0,332117 
-2,787458 2,591172 -2,101204 1,706007 -1,568963 1,534028 -1,275128 0,798577 -0,258613 
-2,819401 2,635499 -2,199232 1,852837 -1,635135 1,536270 -1,345479 0,964343 -0,370309 
-2,631176 2,348043 -1,765072 1,341391 -1,217011 1,233459 -1,043686 0,635782 -0,215413 
-2,558251 2,289818 -1,721286 1,186945 -0,965192 0,984160 -0,871089 0,592055 -0,205682 
-2,437692 2,155582 -1,718999 1,311236 -1,133029 1,177499 -1,047725 0,680237 -0,241589 
-2,670601 2,403715 -1,892863 1,510235 -1,385613 1,334488 -1,039809 0,672218 -0,265950 
-2,546556 2,113517 -1,438060 0,908425 -0,687508 0,660543 -0,612811 0,503078 -0,214218 
-2,533676 2,247206 -1,707751 1,209432 -1,070930 1,134733 -1,014432 0,699478 -0,262191 
-2,424217 2,105973 -1,613762 1,371695 -1,432375 1,546473 -1,339911 0,866325 -0,312738 
-2,371055 1,953713 -1,417864 0,991834 -0,847960 0,982163 -0,954951 0,676028 -0,254210 
-2,374380 2,080844 -1,604827 1,206663 -1,047441 1,178253 -1,148961 0,831343 -0,341184 
-2,308235 2,077786 -1,690243 1,398389 -1,344002 1,352059 -1,150025 0,806117 -0,339128 
-2,458451 2,045514 -1,579137 1,424197 -1,506890 1,492270 -1,158399 0,730779 -0,269720 
-2,634608 2,410485 -2,044331 1,688451 -1,454518 1,365553 -1,074329 0,654479 -0,242479 
-2,720181 2,539105 -2,072366 1,553634 -1,233167 1,136848 -0,982827 0,657109 -0,236130 
-2,432837 2,126621 -1,558609 1,118159 -1,001971 1,006197 -0,854577 0,623519 -0,249806 
-2,771697 2,499796 -1,936434 1,501470 -1,337283 1,284735 -1,049854 0,638078 -0,219566 
-2,547524 2,288218 -1,746619 1,305597 -1,125253 1,094336 -0,876960 0,584498 -0,252725 
-2,721448 2,511324 -2,024782 1,607448 -1,445952 1,375599 -1,144089 0,734235 -0,242719 
-2,484531 2,170287 -1,732819 1,445153 -1,399685 1,408134 -1,125591 0,704451 -0,253681 
-2,376094 1,955883 -1,462981 1,164092 -1,093165 1,139441 -0,964491 0,665827 -0,259799 
-2,516515 2,361951 -2,037057 1,687484 -1,422875 1,287062 -1,058042 0,727387 -0,291729 
-2,524065 2,294841 -1,881144 1,524395 -1,394177 1,386720 -1,175433 0,761025 -0,289195 
-2,347489 2,036555 -1,587081 1,198541 -1,076858 1,092583 -0,905947 0,618115 -0,261080 
-2,635471 2,344625 -1,767828 1,218433 -1,002126 1,012613 -0,927582 0,629083 -0,223274 
-2,666408 2,508844 -2,171054 1,946753 -1,824537 1,731612 -1,463141 0,979737 -0,360944 
-2,765646 2,511813 -2,059525 1,846906 -1,771903 1,783080 -1,519179 0,947078 -0,323874 
-2,488849 2,144999 -1,625130 1,335795 -1,350273 1,454483 -1,308658 0,916272 -0,347609 
-2,684149 2,297251 -1,683318 1,222174 -1,172957 1,329193 -1,192083 0,791086 -0,303445 
-2,308490 2,126764 -1,714274 1,390654 -1,382552 1,408238 -1,173254 0,772084 -0,279278 
-2,359197 2,014981 -1,589377 1,443390 -1,431127 1,487160 -1,288600 0,857976 -0,338610 
-2,476157 2,170113 -1,669509 1,375987 -1,387501 1,543796 -1,365970 0,917786 -0,334724 
-2,561434 2,278479 -1,796846 1,521747 -1,410200 1,323238 -1,109305 0,759613 -0,254461 
-2,513531 2,197084 -1,720027 1,455967 -1,413580 1,461441 -1,297706 0,886827 -0,311902 
-2,405414 2,180160 -1,756175 1,404066 -1,293315 1,327217 -1,243328 0,857879 -0,276429 
-2,629628 2,391704 -1,835144 1,375833 -1,294555 1,443147 -1,325420 0,906423 -0,330021 
-2,782566 2,711155 -2,358376 1,988960 -1,681709 1,458078 -1,144687 0,692555 -0,194810 
-2,593093 2,457609 -2,058186 1,648872 -1,370023 1,199733 -0,950607 0,655966 -0,244967 
-2,454410 2,187992 -1,785272 1,475126 -1,348158 1,375654 -1,225114 0,889738 -0,335690 
-2,779302 2,596346 -2,106694 1,651817 -1,407979 1,360905 -1,171377 0,719904 -0,218556 
-2,420865 2,333531 -1,951421 1,467823 -1,139032 0,999439 -0,842940 0,612304 -0,202723 
-2,672344 2,468446 -1,999816 1,551793 -1,311907 1,178659 -0,901214 0,612377 -0,225563 
-2,868728 2,853519 -2,389310 1,755823 -1,293085 1,029483 -0,741631 0,529935 -0,238450 
-2,596620 2,401815 -1,955489 1,584241 -1,450026 1,422229 -1,163285 0,775321 -0,276841 
-2,371038 2,060405 -1,606240 1,363654 -1,340621 1,308764 -1,004957 0,612762 -0,219681 
-2,271793 1,911312 -1,573260 1,497945 -1,616226 1,691538 -1,418051 0,880207 -0,298048 
-2,346577 2,029650 -1,667531 1,427838 -1,386876 1,461194 -1,280346 0,845956 -0,302335 
-2,430375 2,072897 -1,544088 1,226950 -1,253174 1,292908 -1,095622 0,744486 -0,262354 
-2,442041 2,145861 -1,784454 1,522826 -1,410104 1,396432 -1,188916 0,816744 -0,320230 
-2,604812 2,487213 -2,114672 1,713695 -1,497030 1,388949 -1,139620 0,788884 -0,299482 
-2,607691 2,391801 -1,819599 1,155735 -0,738255 0,651880 -0,556401 0,444723 -0,192888 
-2,592787 2,298153 -1,898569 1,670797 -1,474699 1,349341 -1,036036 0,649222 -0,234459 
-2,765429 2,398452 -1,810600 1,487772 -1,382862 1,412180 -1,241233 0,828582 -0,304039 
-2,361366 2,023138 -1,629076 1,382912 -1,220237 1,160626 -0,909949 0,578359 -0,265512 
-2,383751 2,004233 -1,503744 1,227218 -1,165748 1,179787 -0,913881 0,518152 -0,182863 
-2,605828 2,255708 -1,645073 1,288695 -1,344301 1,548888 -1,371349 0,891854 -0,323338 
-2,461558 2,080965 -1,580315 1,301416 -1,248032 1,291007 -1,100515 0,724108 -0,273853 
-2,596842 2,419881 -1,962379 1,517298 -1,311062 1,277405 -1,079283 0,731704 -0,283438 
-2,664371 2,329881 -1,763345 1,349320 -1,236510 1,309195 -1,142424 0,746928 -0,268917 
-2,732837 2,534986 -2,014592 1,601404 -1,427380 1,258401 -0,931335 0,557140 -0,174314 
-2,753851 2,557256 -2,018773 1,485059 -1,209032 1,202788 -1,036664 0,644327 -0,212631 
-2,595801 2,341384 -1,867531 1,419663 -1,182586 1,060894 -0,836628 0,538915 -0,190981 
-2,585231 2,223090 -1,683593 1,246332 -1,004292 1,008564 -0,873440 0,518672 -0,158910 
-2,577802 2,427818 -1,919032 1,430416 -1,116012 1,043641 -0,873422 0,584699 -0,227086 
-2,430269 2,251142 -1,753329 1,231949 -0,970739 0,910780 -0,743388 0,487750 -0,197261 
-2,578386 2,376958 -1,946509 1,517695 -1,251386 1,184734 -0,962071 0,613625 -0,217038 
-2,492696 2,232481 -1,779394 1,442617 -1,305928 1,291611 -1,037805 0,685289 -0,269501 
-2,485088 2,300507 -1,914329 1,469707 -1,153720 0,969000 -0,694391 0,416945 -0,161210 
-2,613485 2,370467 -1,914832 1,557438 -1,327318 1,295428 -1,144365 0,735280 -0,258573 
-2,467370 2,184618 -1,786389 1,550905 -1,479725 1,475700 -1,203441 0,677739 -0,214655 
-2,427619 2,238515 -1,858899 1,498712 -1,285425 1,340534 -1,268531 0,921176 -0,359892 
-2,166604 1,712169 -1,263784 1,018507 -0,961583 0,981988 -0,814533 0,519858 -0,201594 
-2,376304 2,098305 -1,712106 1,394436 -1,251080 1,146698 -0,860945 0,554509 -0,206433 
-2,736426 2,366156 -1,724723 1,176744 -0,902733 0,827279 -0,716485 0,526046 -0,220456 
-2,700195 2,499945 -1,970575 1,539812 -1,324616 1,168586 -0,924282 0,595504 -0,223927 
-2,402312 2,032381 -1,546689 1,223297 -1,104012 1,048451 -0,901216 0,638548 -0,244521 
-2,577840 2,293302 -1,771719 1,318145 -1,110921 1,050396 -0,844364 0,521502 -0,206018 
-2,404250 2,054442 -1,619969 1,277201 -1,125623 1,135498 -0,976130 0,658618 -0,273920 
-2,419169 2,124061 -1,723604 1,477867 -1,404107 1,481411 -1,349076 0,949379 -0,360470 
-2,582806 2,343914 -1,885171 1,552820 -1,451578 1,517118 -1,354471 0,910610 -0,322022 
-2,894117 2,736132 -2,310604 1,967821 -1,744278 1,643598 -1,373107 0,874538 -0,311755 
-2,677059 2,490725 -2,022240 1,562212 -1,307032 1,247037 -1,022149 0,628839 -0,219764 
-2,576047 2,218124 -1,659936 1,268382 -1,137322 1,088183 -0,832682 0,518238 -0,194723 
-2,542729 2,125717 -1,599133 1,344609 -1,292968 1,316502 -1,108969 0,724287 -0,287790 
-2,506298 2,220950 -1,758501 1,444297 -1,364721 1,471050 -1,404935 1,000263 -0,356780 
-2,668061 2,294730 -1,733075 1,317828 -1,164822 1,241353 -1,141856 0,768217 -0,263416 
-2,483306 2,179196 -1,685392 1,281803 -1,186419 1,309269 -1,228929 0,871379 -0,325932 
-2,463183 2,162269 -1,722445 1,509749 -1,629464 1,700064 -1,345738 0,808088 -0,280608 
-2,866855 2,606408 -2,042131 1,574652 -1,361321 1,319983 -1,159641 0,774352 -0,258568 
-2,326402 2,104087 -1,678517 1,311967 -1,201251 1,192646 -1,013812 0,752868 -0,303682 
-2,388747 2,031374 -1,585400 1,270868 -1,187112 1,280987 -1,123219 0,689500 -0,245696 
-2,477123 2,103879 -1,611626 1,261045 -1,130390 1,106849 -0,809707 0,462647 -0,192618 
-2,331085 2,033061 -1,603196 1,244133 -0,974842 0,906233 -0,783987 0,558878 -0,235972 
-2,732188 2,465982 -1,969809 1,542631 -1,296967 1,200569 -0,968464 0,599833 -0,209290 
-2,767276 2,562425 -2,021195 1,555187 -1,343501 1,364704 -1,167472 0,768290 -0,292336 
-2,611478 2,308904 -1,715404 1,260402 -1,065958 1,017033 -0,817593 0,505919 -0,179695 
-2,500834 2,322251 -1,823024 1,394632 -1,292014 1,297658 -1,038372 0,634941 -0,234650 
-2,562278 2,420735 -2,037816 1,720245 -1,542062 1,461995 -1,212976 0,828814 -0,338446 
-2,132080 1,609683 -1,002989 0,614991 -0,604560 0,797926 -0,827536 0,615889 -0,247507 
-2,351354 1,944805 -1,500320 1,235612 -1,213903 1,365707 -1,281986 0,916714 -0,348755 
-2,374409 2,092647 -1,786809 1,660668 -1,584458 1,537132 -1,354951 0,958491 -0,368822 
-2,625067 2,389401 -1,943610 1,559450 -1,421746 1,373280 -1,105854 0,703655 -0,260415 
-2,499480 2,320517 -1,931674 1,612465 -1,519307 1,505617 -1,286245 0,843596 -0,298109 
-2,725776 2,468501 -2,030376 1,717451 -1,599664 1,526722 -1,230390 0,788221 -0,276722 
-2,494755 2,328960 -1,898419 1,478190 -1,176683 1,089763 -0,922332 0,672542 -0,262731 
-2,652621 2,285856 -1,797859 1,555469 -1,495309 1,484530 -1,326800 0,913243 -0,331362 
-2,582662 2,374174 -1,915590 1,440160 -1,174064 1,231922 -1,181446 0,853495 -0,330976 
-2,603433 2,350175 -1,893985 1,574669 -1,404375 1,346023 -1,102003 0,595704 -0,161001 
-2,479430 2,202401 -1,706750 1,247501 -0,931020 0,812786 -0,742133 0,558494 -0,215368 
-2,669089 2,434963 -1,862134 1,332421 -1,038673 0,951146 -0,749970 0,480285 -0,196811 
-2,640741 2,302131 -1,781350 1,507712 -1,474737 1,430683 -1,196129 0,783002 -0,267378 
-3,084641 2,994847 -2,453471 1,888941 -1,528280 1,378310 -1,140328 0,745623 -0,271417 
-3,058946 2,861204 -2,320965 1,856297 -1,565766 1,447993 -1,196318 0,704346 -0,196205 
-2,676166 2,392607 -1,799128 1,308984 -1,130337 1,226157 -1,191775 0,885189 -0,374673 
-2,544036 2,283404 -1,836572 1,471808 -1,341204 1,308311 -1,066873 0,711123 -0,280207 
-2,604941 2,371092 -1,983359 1,600534 -1,389946 1,364067 -1,191164 0,843856 -0,325007 
-2,652098 2,476604 -2,012559 1,517728 -1,291554 1,221716 -0,977619 0,654913 -0,256652 
-2,798745 2,661493 -2,209184 1,813892 -1,673834 1,642530 -1,360884 0,907518 -0,326534 
-2,609538 2,256492 -1,703745 1,291895 -1,244718 1,295095 -1,019425 0,624882 -0,235260 
-2,674324 2,455881 -1,947637 1,521313 -1,301954 1,274093 -1,125460 0,771274 -0,281003 
-2,624486 2,309468 -1,823467 1,408686 -1,087731 1,032496 -1,013323 0,757477 -0,290949 
-2,764915 2,561740 -2,204168 1,834662 -1,628755 1,456333 -1,093082 0,692517 -0,262770 
-2,405690 2,103759 -1,663153 1,327835 -1,214918 1,226558 -1,102069 0,795461 -0,330591 
-2,677892 2,449615 -1,918876 1,362204 -1,066713 1,079810 -0,991849 0,720793 -0,300227 
-2,521709 2,302847 -1,751035 1,232019 -0,959201 0,837714 -0,687163 0,534448 -0,254276 
-2,419884 2,161734 -1,798355 1,545015 -1,425895 1,363270 -1,178959 0,868710 -0,350022 
-2,551870 2,421113 -1,955537 1,448726 -1,171225 1,138241 -0,959960 0,634391 -0,271528 
-2,598950 2,516915 -2,202486 1,828241 -1,555697 1,407543 -1,156833 0,740070 -0,269636 
-2,646572 2,495545 -2,178654 1,864528 -1,674387 1,540176 -1,254724 0,826898 -0,308527 
-2,562656 2,399771 -2,033564 1,694942 -1,560669 1,473379 -1,157394 0,703627 -0,248001 
-2,696460 2,691415 -2,358985 2,002551 -1,709404 1,498506 -1,132453 0,689082 -0,251776 
-2,441015 2,324675 -1,853913 1,416418 -1,273433 1,286898 -1,083639 0,727291 -0,267351 
-2,777192 2,673719 -2,317361 1,941972 -1,719341 1,563704 -1,183098 0,697958 -0,233559 
-2,746310 2,687982 -2,312546 1,851408 -1,413182 1,199774 -0,970061 0,703670 -0,305717 
-2,502428 2,194075 -1,659162 1,234706 -1,069110 1,082380 -0,962084 0,689841 -0,277905 
-2,475908 2,272866 -1,815220 1,421328 -1,250671 1,160765 -0,925528 0,609930 -0,224601 
-2,498185 2,242724 -1,855538 1,567986 -1,513445 1,474855 -1,203708 0,759819 -0,257741 
-2,634716 2,512248 -2,176235 1,809344 -1,573726 1,397644 -1,120804 0,754893 -0,297675 
-2,698314 2,537088 -2,016618 1,525132 -1,285546 1,189136 -0,959274 0,643288 -0,242159 
-2,340555 2,001955 -1,555542 1,296388 -1,294338 1,281426 -0,862561 0,438604 -0,126352 
-2,367281 2,090518 -1,679845 1,240761 -0,943707 0,884496 -0,735327 0,535069 -0,246495 
-2,506840 2,198328 -1,657775 1,241644 -1,220292 1,290129 -1,004171 0,620387 -0,243640 
-2,527285 2,332819 -1,919673 1,607647 -1,563784 1,621881 -1,369288 0,889444 -0,333349 
-2,855057 2,702904 -2,208935 1,670335 -1,337007 1,157971 -0,857117 0,470833 -0,150519 
-2,566362 2,249194 -1,788635 1,467638 -1,374900 1,475449 -1,414601 1,005387 -0,371570 
-2,416863 2,171392 -1,758577 1,450036 -1,328645 1,345381 -1,249270 0,973623 -0,424207 
-2,906230 2,860123 -2,398444 1,777820 -1,339440 1,118445 -0,818957 0,515684 -0,207428 
-2,717363 2,625013 -2,208977 1,701293 -1,356146 1,130293 -0,884383 0,639240 -0,282413 
-2,661829 2,571160 -2,224570 1,893846 -1,677734 1,438084 -1,079753 0,698077 -0,246729 
-2,660535 2,528313 -2,109889 1,649172 -1,305850 1,171280 -0,927154 0,620300 -0,259815 
-2,480449 2,330708 -1,973810 1,625389 -1,341020 1,170561 -0,872633 0,565854 -0,237358 
-2,294055 2,123641 -1,804566 1,545841 -1,492884 1,519601 -1,287322 0,844220 -0,316055 
-2,620672 2,509509 -2,194414 1,762428 -1,441487 1,292423 -1,027180 0,661193 -0,249818 
-2,644657 2,295632 -1,818868 1,509686 -1,348656 1,274591 -0,986640 0,642473 -0,258542 
-2,585476 2,303801 -1,634726 1,006108 -0,699836 0,672697 -0,609854 0,418395 -0,147750 
-2,620110 2,213971 -1,535143 0,977939 -0,832947 0,949113 -0,844742 0,561882 -0,212252 
